0 16 16 17 i 6 13 15 18 15 17 15 17 i 10 14 i 21 14 11 7 10 i 11 13 17 18 13 19 16 19 i 14 17 15 10 19 18 29 8 i i 12 18 19 10 17 14 9 21 15 12 22 i 9 i 15 10 14 16 15 14 22 11 
10 0 19 14 i 11 7 13 2 8 12 9 8 i 7 8 i 16 12 6 10 8 i 11 6 11 5 11 8 9 14 i 12 6 8 12 5 13 24 7 i i 10 5 12 4 11 12 7 13 13 7 13 i 11 i 13 8 9 3 7 7 17 10 
11 2 0 16 i 13 9 15 4 10 14 11 10 i 9 6 i 18 14 8 12 10 i 13 8 9 7 13 10 11 16 i 14 8 10 10 7 14 26 9 i i 12 7 14 6 9 10 9 15 15 9 15 i 9 i 15 10 11 5 9 9 19 12 
15 10 29 0 i 21 17 23 12 18 22 19 9 i 17 18 i 26 20 16 20 11 i 21 16 13 15 21 9 19 17 i 15 3 18 16 15 10 34 17 i i 20 6 16 14 21 22 17 14 23 17 23 i 21 i 23 18 14 4 8 16 20 20 
19 16 18 19 0 19 15 20 18 18 17 19 10 6 12 24 i 21 19 13 9 15 i 13 16 23 11 18 19 15 21 i 19 19 18 19 21 23 29 13 i i 17 21 17 15 25 19 14 9 20 12 23 i 18 i 20 15 14 19 17 16 22 17 
11 10 10 13 i 0 7 12 12 9 11 9 11 i 4 8 i 15 8 5 1 7 i 5 7 11 12 9 13 10 13 i 11 11 9 4 13 12 23 2 i i 8 12 13 4 11 8 6 18 11 6 17 i 3 i 11 6 8 10 9 8 16 5 
12 14 14 9 i 4 0 11 16 13 10 7 9 i 8 12 i 14 6 4 5 6 i 9 11 10 10 5 12 14 12 i 10 12 13 6 17 16 22 6 i i 3 10 16 8 15 12 5 17 7 5 14 i 5 i 7 2 7 8 12 9 15 4 
16 11 25 10 i 22 18 0 13 18 18 19 10 i 17 19 i 22 18 16 17 18 i 8 16 14 12 17 10 16 18 i 3 11 18 17 16 9 30 17 i i 16 7 17 15 22 23 17 10 19 13 24 i 17 i 19 14 5 5 9 7 21 16 
8 7 17 15 i 10 6 13 0 6 16 7 6 i 5 6 i 20 12 10 8 8 i 9 4 9 10 11 6 7 14 i 12 4 6 12 3 11 28 5 i i 9 3 10 2 9 10 7 11 13 11 11 i 11 i 13 8 11 1 5 5 17 10 
5 6 21 20 i 11 11 19 8 0 18 15 14 i 13 14 i 22 17 12 12 14 i 16 12 17 11 16 14 1 20 i 18 12 14 15 11 19 30 13 i i 7 11 18 10 17 18 13 19 18 13 19 i 14 i 18 13 15 9 13 13 23 12 
6 9 7 15 i 8 15 18 9 7 0 15 15 i 12 13 i 4 12 13 9 11 i 13 13 16 11 16 2 8 10 i 15 13 7 12 12 20 12 10 i i 14 12 11 11 14 16 12 20 18 8 6 i 11 i 18 13 10 10 12 12 5 13 
14 17 20 12 i 13 9 14 19 12 13 0 12 i 6 21 i 17 9 7 14 9 i 14 10 13 13 8 15 13 15 i 13 15 12 9 21 21 25 11 i i 7 13 16 11 19 17 8 20 10 8 17 i 8 i 10 5 10 11 15 11 18 7 
24 24 33 14 i 27 23 27 17 22 26 23 0 i 21 23 i 30 22 20 24 18 i 25 20 26 26 21 23 23 28 i 22 10 22 22 20 17 38 21 i i 20 20 7 19 26 27 21 28 23 21 28 i 21 i 23 18 9 18 8 11 31 20 
13 10 18 13 i 19 16 21 12 14 11 13 4 0 13 18 i 15 20 14 10 16 i 14 12 21 5 19 13 9 21 i 20 14 14 20 15 17 23 7 i i 13 15 11 9 21 13 15 3 21 6 17 i 19 i 21 16 8 13 12 10 16 18 
8 12 17 12 i 7 3 14 14 6 13 10 12 i 0 15 i 17 9 7 8 9 i 9 4 13 13 8 14 7 14 i 7 13 6 9 17 15 25 5 i i 6 11 10 7 18 11 8 14 10 8 17 i 8 i 10 5 9 9 11 5 17 7 
5 2 18 15 i 11 8 15 4 7 14 11 10 i 6 0 i 18 10 8 9 6 i 13 8 3 4 11 10 8 16 i 10 6 10 6 5 8 26 9 i i 10 7 14 6 3 4 9 15 13 9 13 i 11 i 13 8 11 5 9 9 19 10 
13 4 2 16 i 11 7 17 6 12 16 13 12 i 11 8 0 20 13 10 12 12 i 15 10 11 9 12 12 13 18 i 16 10 12 12 9 16 28 11 i i 10 9 16 8 11 12 11 17 14 11 17 i 11 i 14 9 13 7 11 11 21 11 
8 9 14 11 i 4 11 14 11 3 9 11 11 i 8 12 i 0 8 9 5 7 i 9 11 15 7 12 11 4 11 i 11 14 3 8 14 16 8 6 i i 10 11 17 8 15 12 8 18 14 4 2 i 7 i 14 9 6 9 13 8 14 9 
13 8 27 17 i 19 15 21 10 16 20 17 3 i 15 16 i 24 0 14 18 6 i 5 14 11 13 19 7 17 15 i 10 8 16 14 13 15 32 15 i i 18 4 10 12 19 20 15 12 21 15 21 i 19 i 21 16 12 2 6 14 18 18 
12 14 13 8 i 12 8 7 15 13 6 7 9 i 13 19 i 10 6 0 13 2 i 11 14 10 10 5 8 11 8 i 6 11 13 6 14 16 18 14 i i 4 10 16 8 12 20 1 13 7 1 12 i 5 i 7 2 3 8 12 5 11 4 
11 11 9 12 i 10 6 11 13 9 10 11 13 i 3 15 i 14 10 4 0 6 i 4 7 14 14 9 12 10 12 i 10 10 9 10 16 17 22 8 i i 8 14 13 10 16 14 5 17 11 5 16 i 9 i 11 6 7 12 8 8 15 8 
17 12 26 11 i 23 19 24 14 19 19 20 11 i 18 20 i 23 19 17 18 0 i 22 17 15 13 18 11 17 19 i 4 12 19 18 17 19 31 18 i i 17 8 18 16 23 24 18 11 20 14 25 i 18 i 20 15 6 6 10 8 22 17 
7 4 7 18 i 13 11 17 6 12 16 13 9 5 11 12 5 20 16 10 14 12 0 15 10 15 9 15 12 13 18 i 16 10 12 16 9 17 28 11 i i 14 9 16 8 15 16 11 8 17 11 17 i 15 i 17 12 13 7 11 11 6 14 
i i i i i i i i i i i i i i i i i i i i i i i 0 i i i i i i i i i i i i i i i i i i i i i i i i i i i i i i i i i i i i i i i i 
4 8 13 13 i 8 4 15 10 2 14 8 13 i 1 16 i 18 10 8 4 6 i 5 0 14 13 9 15 3 10 i 8 9 2 10 13 11 26 1 i i 7 12 6 3 14 7 9 15 11 9 18 i 9 i 11 6 10 10 7 1 13 8 
2 4 18 12 i 8 11 14 6 12 13 10 10 i 11 12 i 17 7 7 9 9 i 12 10 0 9 8 12 13 15 i 13 10 12 3 9 17 25 10 i i 7 9 16 8 15 16 8 17 10 8 17 i 8 i 10 5 10 7 11 11 18 7 
8 16 14 17 i 14 11 16 18 14 15 16 18 i 8 20 i 19 15 9 5 11 i 9 12 19 0 14 17 4 17 i 15 15 14 15 21 22 27 13 i i 8 19 18 15 21 19 10 22 16 10 21 i 14 i 16 11 12 17 13 13 20 13 
13 21 19 16 i 19 16 21 23 19 14 16 23 i 13 25 i 18 20 14 10 16 i 14 17 24 5 0 16 9 22 i 20 19 19 20 26 26 26 18 i i 13 22 23 20 26 24 15 27 21 9 20 i 19 i 21 16 11 20 18 13 19 18 
12 22 28 21 i 18 17 27 17 16 27 24 23 i 15 23 i 31 23 21 19 15 i 23 19 26 27 22 0 11 8 i 19 12 16 22 14 19 39 20 i i 17 20 9 19 12 26 21 26 24 22 22 i 21 i 24 19 16 18 10 18 11 21 
4 20 20 19 i 10 10 19 22 19 20 17 19 i 14 18 i 24 16 14 11 14 i 15 17 17 20 15 22 0 22 i 18 21 19 14 23 22 32 12 i i 6 20 23 14 21 18 13 25 17 15 24 i 13 i 17 12 17 18 19 18 25 11 
4 14 20 18 i 10 9 19 9 8 19 16 15 i 7 15 i 23 15 13 11 7 i 15 11 18 19 14 15 3 0 i 11 7 8 14 6 14 31 12 i i 9 12 17 11 4 18 13 18 16 14 14 i 13 i 16 11 13 10 14 12 3 13 
15 15 20 12 5 14 10 14 17 13 13 10 10 11 7 22 i 17 7 7 14 9 i 12 11 13 13 8 14 14 15 0 13 15 13 3 20 22 25 12 i i 7 11 17 11 19 18 8 14 10 8 17 i 2 i 10 5 10 9 13 12 18 7 
13 8 22 7 i 19 15 20 10 15 15 16 7 i 14 16 i 19 15 13 14 15 i 18 13 11 9 14 7 13 15 i 0 8 15 14 13 15 27 14 i i 13 4 14 12 19 20 14 7 16 10 21 i 14 i 16 11 2 2 6 4 18 13 
25 20 34 19 i 31 27 32 22 27 27 28 19 i 26 28 i 31 27 25 26 8 i 30 25 23 21 26 19 25 27 i 12 0 27 26 25 7 39 26 i i 25 16 26 24 31 32 26 19 28 22 33 i 26 i 28 23 14 14 18 16 30 25 
12 16 28 15 i 18 17 27 17 16 23 24 15 i 15 23 i 27 23 21 19 4 i 23 19 19 17 22 15 11 8 i 8 15 0 22 14 22 35 20 i i 17 12 22 19 12 26 21 15 24 18 22 i 21 i 24 19 10 10 14 12 11 21 
12 12 17 9 i 12 8 11 14 15 10 7 7 i 13 20 i 14 4 4 13 6 i 9 17 10 10 5 11 14 12 i 10 12 15 0 17 19 22 14 i i 4 8 14 8 16 20 5 16 7 5 14 i 5 i 7 2 7 6 10 9 15 4 
11 10 17 12 i 7 3 14 3 9 13 10 9 i 8 9 i 17 9 7 8 9 i 12 7 12 13 8 9 10 15 i 13 1 9 9 0 8 25 8 i i 6 6 13 5 12 13 8 14 10 8 8 i 8 i 10 5 10 4 8 8 18 7 
i i i i i i i i i i i i i i i i i i i i i i i i i i i i i i i i i i i i i 0 i i i i i i i i i i i i i i i i i i i i i i i i i i 
12 7 23 16 i 13 9 20 9 15 19 16 6 i 14 15 i 23 15 13 14 8 i 18 13 10 12 14 6 15 12 i 12 7 4 13 12 14 0 14 i i 12 3 13 11 16 19 14 11 16 14 20 i 14 i 16 11 11 1 5 13 15 13 
9 13 12 15 i 13 9 14 15 7 13 7 16 i 6 15 i 17 13 7 3 9 i 7 5 17 17 12 15 8 15 i 13 13 7 13 18 10 25 0 i i 11 17 11 2 18 6 8 20 14 8 19 i 12 i 14 9 10 15 11 6 18 11 
11 12 17 14 i 7 14 17 14 6 12 14 14 i 11 15 i 3 11 12 8 10 i 12 14 18 10 15 14 7 14 i 7 15 6 11 17 19 11 9 0 i 13 11 20 11 18 15 11 14 17 7 5 i 10 i 17 12 9 9 13 11 17 12 
9 16 24 21 i 15 15 22 9 15 19 16 15 i 14 15 i 23 18 16 15 17 i 18 13 18 10 5 15 5 23 i 21 13 15 18 12 20 31 14 i 0 11 12 19 11 18 19 16 20 19 14 20 i 17 i 2 14 16 10 14 7 24 16 
13 15 18 13 i 8 4 15 17 17 14 11 13 i 12 16 i 18 10 8 9 10 i 13 15 11 14 9 16 18 16 i 14 16 17 10 20 20 26 10 i i 0 14 20 12 19 16 9 21 11 9 18 i 9 i 11 6 11 12 16 13 19 5 
15 15 23 13 i 21 17 24 11 17 16 18 8 i 16 17 i 20 21 18 14 12 i 18 15 20 9 20 3 13 11 i 16 4 17 21 14 11 28 16 i i 17 0 12 13 15 21 18 8 22 11 22 i 20 i 22 17 8 12 2 10 14 19 
18 17 27 12 i 20 16 23 10 16 24 17 16 i 15 16 i 28 20 18 18 11 i 19 14 19 20 19 16 17 24 i 15 3 16 20 13 10 36 15 i i 18 13 0 12 19 20 17 21 21 19 21 i 19 i 21 16 7 11 1 9 27 18 
19 22 25 17 i 18 14 19 24 17 18 5 17 i 11 26 i 22 14 12 19 14 i 19 15 18 18 13 20 18 20 i 18 20 17 14 26 26 30 16 i i 12 18 21 0 24 22 13 25 15 13 22 i 13 i 15 10 15 16 20 16 23 12 
9 10 19 14 i 9 5 16 5 4 15 12 11 i 3 11 i 19 11 9 10 3 i 12 7 14 15 10 11 5 17 i 7 3 9 11 2 10 27 8 i i 8 8 13 7 0 14 10 14 12 10 10 i 10 i 12 7 9 6 10 8 20 9 
14 11 27 14 i 20 17 24 13 16 23 20 19 i 15 9 i 27 19 17 18 15 i 22 17 12 13 20 19 17 25 i 19 15 19 15 14 4 35 18 i i 19 16 23 15 12 0 18 24 22 18 22 i 20 i 22 17 9 14 18 11 28 19 
11 13 16 8 i 11 7 6 15 14 9 6 8 i 12 19 i 13 5 3 12 1 i 10 16 9 9 4 11 13 11 i 5 11 14 5 17 15 21 13 i i 3 9 15 7 15 19 0 12 6 4 13 i 4 i 6 1 6 7 11 8 14 3 
10 7 15 10 i 16 13 18 9 15 8 10 1 i 10 15 i 12 17 11 7 13 i 11 13 18 2 16 10 6 18 i 17 11 15 17 12 18 20 14 i i 10 12 8 11 18 19 12 0 18 3 14 i 16 i 18 13 5 10 9 7 13 15 
13 14 19 16 i 9 15 19 16 8 14 6 16 i 12 17 i 18 13 13 10 12 i 14 16 19 19 14 16 9 16 i 16 19 8 13 19 21 26 11 i i 13 17 22 1 20 17 13 23 0 9 7 i 12 i 16 11 11 15 18 13 19 13 
11 14 12 7 i 13 16 20 14 12 5 7 16 i 13 18 i 9 15 13 14 15 i 18 13 19 16 14 7 13 15 i 19 10 12 15 17 17 17 14 i i 13 13 16 16 19 20 14 21 16 0 11 i 14 i 16 11 2 11 15 4 10 13 
6 7 12 9 i 2 9 12 9 1 7 9 9 i 6 10 i 11 6 7 3 5 i 7 9 13 12 10 9 2 9 i 9 12 1 6 12 14 19 4 i i 8 10 15 6 13 10 6 16 12 2 0 i 5 i 12 7 4 8 11 6 12 7 
10 11 16 13 i 6 13 16 13 5 11 13 13 i 10 14 i 2 10 11 7 9 i 11 13 17 9 14 13 6 13 i 13 16 5 10 16 18 10 8 i i 12 13 19 10 17 14 10 20 16 6 4 0 9 i 16 11 8 11 15 10 16 11 
13 13 18 10 i 13 9 12 15 16 11 8 8 i 14 21 i 15 5 5 14 7 i 10 18 11 11 6 12 15 13 i 11 13 16 1 18 20 23 15 i i 5 9 15 9 17 21 6 17 8 6 15 i 0 i 8 3 8 7 11 10 16 5 
9 6 22 13 i 15 12 19 8 11 18 15 13 i 10 4 i 22 14 12 13 2 i 17 12 7 8 15 6 12 14 i 6 10 14 10 9 12 30 13 i i 14 7 15 10 7 8 13 13 17 13 17 i 15 0 17 12 8 8 9 8 17 14 
i i i i i i i i i i i i i i i i i i i i i i i i i i i i i i i i i i i i i i i i i i i i i i i i i i i i i i i i 0 i i i i i i i 
10 12 15 7 i 10 6 9 14 13 8 5 7 i 11 18 i 12 4 2 11 4 i 9 15 8 8 3 10 12 10 i 8 10 13 4 16 17 20 12 i i 2 8 14 6 14 18 3 15 5 3 12 i 3 i 5 0 5 6 10 7 13 2 
15 15 24 5 i 19 15 18 17 13 17 14 14 i 12 23 i 21 13 11 15 13 i 16 11 17 17 12 14 14 19 i 17 8 13 13 20 15 29 12 i i 11 11 17 14 23 18 12 19 14 12 21 i 12 i 14 9 0 9 13 2 22 11 
11 6 25 15 i 17 13 19 8 14 18 15 5 i 13 14 i 22 16 12 16 14 i 17 12 9 11 17 5 15 13 i 18 6 14 12 11 13 30 13 i i 16 2 12 10 17 18 13 10 19 13 19 i 17 i 19 14 10 0 4 12 16 16 
17 16 26 11 i 19 15 22 9 15 23 16 15 i 14 15 i 27 19 17 17 10 i 18 13 18 19 18 15 16 23 i 14 2 15 19 12 9 35 14 i i 17 12 19 11 18 19 16 20 20 18 20 i 18 i 20 15 6 10 0 8 26 17 
13 17 22 14 i 17 13 16 19 11 15 12 14 i 10 25 i 19 11 9 13 11 i 14 9 15 15 10 17 12 17 i 15 17 11 11 22 20 27 10 i i 9 15 15 12 21 16 10 22 12 10 19 i 10 i 12 7 12 13 16 0 20 9 
1 17 17 18 i 7 14 16 19 16 18 16 18 i 11 15 i 22 15 12 8 11 i 12 14 18 19 14 20 17 20 i 15 18 16 11 20 19 30 9 i i 13 19 20 11 18 15 10 22 16 13 23 i 10 i 16 11 15 17 16 15 0 12 
8 10 24 18 i 14 17 20 12 18 19 16 16 i 17 18 i 23 13 13 15 15 i 18 16 6 15 14 18 19 21 i 19 16 18 9 15 23 31 16 i i 13 15 22 14 21 22 14 23 16 14 23 i 14 i 16 11 16 13 17 17 24 0 
